QAPBanco:
      id        lat        lon  risco
0    826 -15.837266 -48.054966      4
1   1239 -16.021502 -48.067710      4
2   1503 -15.800678 -47.867219      3
3   2727 -15.737982 -47.896928      3
4   2863 -15.790757 -47.883106      4
5   2895 -15.863697 -48.079982      5
6   2901 -15.868997 -47.966437      3
7   2902 -16.031695 -48.058478      5
8   3085 -15.787195 -47.940527      3
9   3590 -15.803233 -47.885258      4
10  4418 -15.896152 -47.775973      4
11  4598 -15.773312 -47.929824      1
12  8435 -15.841500 -48.044002      5
13  8611 -15.808381 -47.867331      1
14  9986 -15.799475 -47.882425      3
Solucao: <Não resolvido>


Rodando teste...
QAPBancoTest com 15 dependencias
Algoritmo:    simulated_annealing
Tempo stats:  2912.390625
Fator achado: 35.46082262559883
Rota achada:  8611 -> 1503 -> 3590 -> 9986 -> 2863 -> 3085 -> 4598 -> 2727 -> 8435 -> 826 -> 2895 -> 1239 -> 2902 -> 2901 -> 4418
