QAPBanco:
      id        lat        lon  risco
0    452 -15.799475 -47.882425      2
1   1606 -15.799475 -47.882425      3
2   1887 -15.847495 -48.042572      2
3   2500 -15.675679 -48.195746      2
4   2895 -15.863697 -48.079982      5
5   2901 -15.868997 -47.966437      5
6   2902 -16.031695 -48.058478      2
7   3085 -15.787195 -47.940527      5
8   3264 -15.618986 -47.653520      2
9   3413 -15.786744 -47.889038      5
10  4267 -15.799475 -47.882425      1
11  4592 -15.833507 -47.955316      2
12  4594 -15.828760 -47.928509      4
13  4595 -15.811416 -47.867952      5
14  5123 -15.807003 -47.933391      3
15  5191 -15.805558 -47.897541      4
16  7006 -15.799475 -47.882425      5
17  7615 -15.817929 -48.103224      3
18  8612 -15.810153 -47.871526      1
19  9986 -15.799475 -47.882425      3
Solucao: <Não resolvido>


Rodando teste...
QAPBancoTest com 20 dependencias
Algoritmo:    simulated_annealing
Tempo stats:  11624.256695476999
Fator achado: 50.23775608857051
Rota achada:  7006 -> 4267 -> 452 -> 3413 -> 4595 -> 8612 -> 1606 -> 5191 -> 9986 -> 5123 -> 4592 -> 4594 -> 2895 -> 1887 -> 2902 -> 2901 -> 3085 -> 7615 -> 2500 -> 3264

