QAPBanco:
      id        lat        lon  risco
0    452 -15.799475 -47.882425      4
1    826 -15.837266 -48.054966      1
2   1239 -16.021502 -48.067710      5
3   1273 -15.788671 -47.884319      2
4   2863 -15.790757 -47.883106      4
5   2881 -15.830786 -47.873857      3
6   2892 -15.820877 -48.112022      5
7   2895 -15.863697 -48.079982      1
8   2902 -16.031695 -48.058478      1
9   2911 -15.817929 -48.103224      5
10  3085 -15.787195 -47.940527      5
11  3380 -15.807003 -47.933391      5
12  3413 -15.786744 -47.889038      3
13  3475 -15.783855 -47.877600      1
14  3476 -15.810192 -47.889114      5
15  3598 -15.797119 -47.894083      5
16  3601 -15.775115 -47.917836      1
17  3603 -15.765089 -47.870237      4
18  3606 -15.799049 -47.860769      1
19  4275 -15.868997 -47.966437      1
20  4418 -15.896152 -47.775973      5
21  4595 -15.811416 -47.867952      5
22  4598 -15.773312 -47.929824      4
23  4733 -15.842058 -48.024163      5
24  4885 -15.787437 -47.909127      1
25  5123 -15.807003 -47.933391      2
26  5977 -15.799294 -47.864020      3
27  8608 -15.803851 -47.863196      1
28  8612 -15.810153 -47.871526      5
29  8615 -15.795684 -47.869615      5
Solucao: <Não resolvido>


Rodando teste...
QAPBancoTest com 30 dependencias
Algoritmo:    simulated_annealing
Tempo stats:  44689.359375
Fator achado: 40.10202962204233
Rota achada:  4595 -> 8612 -> 3598 -> 2863 -> 3413 -> 452 -> 5977 -> 3606 -> 3475 -> 8608 -> 8615 -> 3603 -> 1273 -> 3380 -> 5123 -> 3476 -> 4885 -> 2881 -> 4418 -> 2911 -> 1239 -> 2902 -> 2892 -> 2895 -> 826 -> 4733 -> 4275 -> 4598 -> 3601 -> 3085
